0    -10  -10  -0.000128249  -5.49674e-05  0  0  
1    -9.8  -9.8  -0.000125684  -5.3868e-05  0  0  
2    -9.6  -9.6  -0.000123119  -5.27687e-05  0  0  
3    -9.4  -9.4  -0.000120554  -5.16693e-05  0  0  
4    -9.2  -9.2  -0.000117989  -5.057e-05  0  0  
5    -9  -9  -0.000115424  -4.94706e-05  0  0  
6    -8.8  -8.8  -0.000112859  -4.83713e-05  0  0  
7    -8.6  -8.6  -0.000110294  -4.7272e-05  0  0  
8    -8.4  -8.4  -0.000107729  -4.61726e-05  0  0  
9    -8.2  -8.2  -0.000105164  -4.50733e-05  0  0  
10    -8  -8  -0.000102599  -4.39739e-05  0  0  
11    -7.8  -7.8  -0.000100034  -4.28746e-05  0  0  
12    -7.6  -7.6  -9.74695e-05  -4.17752e-05  0  0  
13    -7.4  -7.4  -9.49045e-05  -4.06759e-05  0  0  
14    -7.2  -7.2  -9.23395e-05  -3.95765e-05  0  0  
15    -7  -7  -8.97745e-05  -3.84772e-05  0  0  
16    -6.8  -6.8  -8.72095e-05  -3.73778e-05  0  0  
17    -6.6  -6.6  -8.46445e-05  -3.62785e-05  0  0  
18    -6.4  -6.4  -8.20796e-05  -3.51791e-05  0  0  
19    -6.2  -6.2  -7.95146e-05  -3.40798e-05  0  0  
20    -6  -6  -7.69496e-05  -3.29804e-05  0  0  
21    -5.8  -5.8  -7.43846e-05  -3.18811e-05  0  0  
22    -5.6  -5.6  -7.18196e-05  -3.07817e-05  0  0  
23    -5.4  -5.4  -6.92546e-05  -2.96824e-05  0  0  
24    -5.2  -5.2  -6.66896e-05  -2.8583e-05  0  0  
25    -5  -5  -6.41247e-05  -2.74837e-05  0  0  
26    -4.8  -4.8  -6.15597e-05  -2.63843e-05  0  0  
27    -4.6  -4.6  -5.89947e-05  -2.5285e-05  0  0  
28    -4.4  -4.4  -5.64297e-05  -2.41856e-05  0  0  
29    -4.2  -4.2  -5.38647e-05  -2.30863e-05  0  0  
30    -4  -4  -5.12997e-05  -2.1987e-05  0  0  
31    -3.8  -3.8  -4.87347e-05  -2.08876e-05  0  0  
32    -3.6  -3.6  -4.61698e-05  -1.97883e-05  0  0  
33    -3.4  -3.4  -4.36048e-05  -1.86889e-05  0  0  
34    -3.2  -3.2  -4.10398e-05  -1.75896e-05  0  0  
35    -3  -3  -3.84748e-05  -1.64902e-05  0  0  
36    -2.8  -2.8  -3.59098e-05  -1.53909e-05  0  0  
37    -2.6  -2.6  -3.33448e-05  -1.42915e-05  0  0  
38    -2.4  -2.4  -3.07798e-05  -1.31922e-05  0  0  
39    -2.2  -2.2  -2.82148e-05  -1.20928e-05  0  0  
40    -2  -2  -2.56499e-05  -1.09935e-05  0  0  
41    -1.8  -1.8  -2.30849e-05  -9.89413e-06  0  79  
42    -1.6  -1.6  -2.05199e-05  -8.79478e-06  3  188  
43    -1.4  -1.4  -1.79549e-05  -7.69543e-06  542  578  
44    -1.2  -1.2  -1.53899e-05  -6.59609e-06  525  243  
45    -1  -1  -1.28249e-05  -5.49674e-06  29  266  
46    -0.8  -0.8  -1.02599e-05  -4.39739e-06  883  535  
47    -0.6  -0.6  -7.69496e-06  -3.29804e-06  617  468  
48    -0.4  -0.4  -5.12997e-06  -2.1987e-06  413  415  
49    -0.2  -0.2  -2.56499e-06  -1.09935e-06  684  1161  
50    0  0  0  0  210  730  
51    0.2  0.2  2.56499e-06  1.09935e-06  740  1038  
52    0.4  0.4  5.12997e-06  2.1987e-06  414  472  
53    0.6  0.6  7.69496e-06  3.29804e-06  412  0  
54    0.8  0.8  1.02599e-05  4.39739e-06  119  5  
55    1  1  1.28249e-05  5.49674e-06  539  53  
56    1.2  1.2  1.53899e-05  6.59609e-06  306  157  
57    1.4  1.4  1.79549e-05  7.69543e-06  159  412  
58    1.6  1.6  2.05199e-05  8.79478e-06  8  0  
59    1.8  1.8  2.30849e-05  9.89413e-06  197  0  
60    2  2  2.56499e-05  1.09935e-05  0  0  
61    2.2  2.2  2.82148e-05  1.20928e-05  0  0  
62    2.4  2.4  3.07798e-05  1.31922e-05  0  0  
63    2.6  2.6  3.33448e-05  1.42915e-05  0  0  
64    2.8  2.8  3.59098e-05  1.53909e-05  0  0  
65    3  3  3.84748e-05  1.64902e-05  0  0  
66    3.2  3.2  4.10398e-05  1.75896e-05  0  0  
67    3.4  3.4  4.36048e-05  1.86889e-05  0  0  
68    3.6  3.6  4.61698e-05  1.97883e-05  0  0  
69    3.8  3.8  4.87347e-05  2.08876e-05  0  0  
70    4  4  5.12997e-05  2.1987e-05  0  0  
71    4.2  4.2  5.38647e-05  2.30863e-05  0  0  
72    4.4  4.4  5.64297e-05  2.41856e-05  0  0  
73    4.6  4.6  5.89947e-05  2.5285e-05  0  0  
74    4.8  4.8  6.15597e-05  2.63843e-05  0  0  
75    5  5  6.41247e-05  2.74837e-05  0  0  
76    5.2  5.2  6.66896e-05  2.8583e-05  0  0  
77    5.4  5.4  6.92546e-05  2.96824e-05  0  0  
78    5.6  5.6  7.18196e-05  3.07817e-05  0  0  
79    5.8  5.8  7.43846e-05  3.18811e-05  0  0  
80    6  6  7.69496e-05  3.29804e-05  0  0  
81    6.2  6.2  7.95146e-05  3.40798e-05  0  0  
82    6.4  6.4  8.20796e-05  3.51791e-05  0  0  
83    6.6  6.6  8.46445e-05  3.62785e-05  0  0  
84    6.8  6.8  8.72095e-05  3.73778e-05  0  0  
85    7  7  8.97745e-05  3.84772e-05  0  0  
86    7.2  7.2  9.23395e-05  3.95765e-05  0  0  
87    7.4  7.4  9.49045e-05  4.06759e-05  0  0  
88    7.6  7.6  9.74695e-05  4.17752e-05  0  0  
89    7.8  7.8  0.000100034  4.28746e-05  0  0  
90    8  8  0.000102599  4.39739e-05  0  0  
91    8.2  8.2  0.000105164  4.50733e-05  0  0  
92    8.4  8.4  0.000107729  4.61726e-05  0  0  
93    8.6  8.6  0.000110294  4.7272e-05  0  0  
94    8.8  8.8  0.000112859  4.83713e-05  0  0  
95    9  9  0.000115424  4.94706e-05  0  0  
96    9.2  9.2  0.000117989  5.057e-05  0  0  
97    9.4  9.4  0.000120554  5.16693e-05  0  0  
98    9.6  9.6  0.000123119  5.27687e-05  0  0  
99    9.8  9.8  0.000125684  5.3868e-05  0  0  
