Printout for SDDS file BunchHaissinski.sdds

       z             rfV         rfHamilton  
       m              V                      
---------------------------------------------
 -4.526870e-02  -3.577060e+06   1.791860e+01 
 -4.496890e-02  -3.552020e+06   1.767600e+01 
 -4.466910e-02  -3.526980e+06   1.743500e+01 
 -4.436930e-02  -3.501950e+06   1.719570e+01 
 -4.406950e-02  -3.476920e+06   1.695810e+01 
 -4.376970e-02  -3.451900e+06   1.672230e+01 
 -4.346990e-02  -3.426890e+06   1.648810e+01 
 -4.317010e-02  -3.401890e+06   1.625570e+01 
 -4.287030e-02  -3.376890e+06   1.602490e+01 
 -4.257050e-02  -3.351900e+06   1.579580e+01 
 -4.227070e-02  -3.326920e+06   1.556850e+01 
 -4.197090e-02  -3.301950e+06   1.534280e+01 
 -4.167120e-02  -3.276980e+06   1.511890e+01 
 -4.137140e-02  -3.252030e+06   1.489660e+01 
 -4.107160e-02  -3.227080e+06   1.467610e+01 
 -4.077180e-02  -3.202150e+06   1.445720e+01 
 -4.047200e-02  -3.177220e+06   1.424000e+01 
 -4.017220e-02  -3.152300e+06   1.402460e+01 
 -3.987240e-02  -3.127390e+06   1.381080e+01 
 -3.957260e-02  -3.102490e+06   1.359870e+01 
 -3.927280e-02  -3.077610e+06   1.338840e+01 
 -3.897300e-02  -3.052730e+06   1.317970e+01 
 -3.867320e-02  -3.027870e+06   1.297270e+01 
 -3.837340e-02  -3.003010e+06   1.276740e+01 
 -3.807360e-02  -2.978170e+06   1.256380e+01 
 -3.777380e-02  -2.953340e+06   1.236190e+01 
 -3.747410e-02  -2.928520e+06   1.216160e+01 
 -3.717430e-02  -2.903710e+06   1.196310e+01 
 -3.687450e-02  -2.878920e+06   1.176620e+01 
 -3.657470e-02  -2.854140e+06   1.157110e+01 
 -3.627490e-02  -2.829370e+06   1.137760e+01 
 -3.597510e-02  -2.804610e+06   1.118580e+01 
 -3.567530e-02  -2.779870e+06   1.099570e+01 
 -3.537550e-02  -2.755140e+06   1.080730e+01 
 -3.507570e-02  -2.730430e+06   1.062060e+01 
 -3.477590e-02  -2.705730e+06   1.043550e+01 
 -3.447610e-02  -2.681040e+06   1.025210e+01 
 -3.417630e-02  -2.656370e+06   1.007040e+01 
 -3.387650e-02  -2.631710e+06   9.890430e+00 
 -3.357680e-02  -2.607070e+06   9.712090e+00 
 -3.327700e-02  -2.582450e+06   9.535430e+00 
 -3.297720e-02  -2.557840e+06   9.360450e+00 
 -3.267740e-02  -2.533240e+06   9.187140e+00 
 -3.237760e-02  -2.508660e+06   9.015510e+00 
 -3.207780e-02  -2.484100e+06   8.845550e+00 
 -3.177800e-02  -2.459560e+06   8.677260e+00 
 -3.147820e-02  -2.435030e+06   8.510640e+00 
 -3.117840e-02  -2.410520e+06   8.345700e+00 
 -3.087860e-02  -2.386020e+06   8.182420e+00 
 -3.057880e-02  -2.361540e+06   8.020800e+00 
 -3.027900e-02  -2.337090e+06   7.860850e+00 
 -2.997920e-02  -2.312640e+06   7.702570e+00 
 -2.967950e-02  -2.288220e+06   7.545950e+00 
 -2.937970e-02  -2.263820e+06   7.390990e+00 
 -2.907990e-02  -2.239430e+06   7.237700e+00 
 -2.878010e-02  -2.215070e+06   7.086060e+00 
 -2.848030e-02  -2.190720e+06   6.936080e+00 
 -2.818050e-02  -2.166390e+06   6.787760e+00 
 -2.788070e-02  -2.142080e+06   6.641090e+00 
 -2.758090e-02  -2.117800e+06   6.496080e+00 
 -2.728110e-02  -2.093530e+06   6.352720e+00 
 -2.698130e-02  -2.069280e+06   6.211020e+00 
 -2.668150e-02  -2.045050e+06   6.070960e+00 
 -2.638170e-02  -2.020850e+06   5.932550e+00 
 -2.608190e-02  -1.996660e+06   5.795790e+00 
 -2.578220e-02  -1.972500e+06   5.660670e+00 
 -2.548240e-02  -1.948360e+06   5.527200e+00 
 -2.518260e-02  -1.924240e+06   5.395370e+00 
 -2.488280e-02  -1.900140e+06   5.265190e+00 
 -2.458300e-02  -1.876060e+06   5.136640e+00 
 -2.428320e-02  -1.852010e+06   5.009730e+00 
 -2.398340e-02  -1.827980e+06   4.884460e+00 
 -2.368360e-02  -1.803970e+06   4.760820e+00 
 -2.338380e-02  -1.779990e+06   4.638820e+00 
 -2.308400e-02  -1.756030e+06   4.518450e+00 
 -2.278420e-02  -1.732090e+06   4.399710e+00 
 -2.248440e-02  -1.708180e+06   4.282600e+00 
 -2.218460e-02  -1.684290e+06   4.167110e+00 
 -2.188480e-02  -1.660430e+06   4.053250e+00 
 -2.158510e-02  -1.636590e+06   3.941020e+00 
 -2.128530e-02  -1.612780e+06   3.830410e+00 
 -2.098550e-02  -1.588990e+06   3.721410e+00 
 -2.068570e-02  -1.565220e+06   3.614040e+00 
 -2.038590e-02  -1.541490e+06   3.508280e+00 
 -2.008610e-02  -1.517770e+06   3.404140e+00 
 -1.978630e-02  -1.494090e+06   3.301620e+00 
 -1.948650e-02  -1.470430e+06   3.200700e+00 
 -1.918670e-02  -1.446800e+06   3.101390e+00 
 -1.888690e-02  -1.423190e+06   3.003700e+00 
 -1.858710e-02  -1.399610e+06   2.907600e+00 
 -1.828730e-02  -1.376060e+06   2.813120e+00 
 -1.798750e-02  -1.352530e+06   2.720230e+00 
 -1.768780e-02  -1.329040e+06   2.628950e+00 
 -1.738800e-02  -1.305570e+06   2.539260e+00 
 -1.708820e-02  -1.282130e+06   2.451170e+00 
 -1.678840e-02  -1.258720e+06   2.364680e+00 
 -1.648860e-02  -1.235330e+06   2.279780e+00 
 -1.618880e-02  -1.211980e+06   2.196470e+00 
 -1.588900e-02  -1.188650e+06   2.114750e+00 
 -1.558920e-02  -1.165360e+06   2.034610e+00 
 -1.528940e-02  -1.142090e+06   1.956070e+00 
 -1.498960e-02  -1.118850e+06   1.879100e+00 
 -1.468980e-02  -1.095650e+06   1.803720e+00 
 -1.439000e-02  -1.072470e+06   1.729910e+00 
 -1.409020e-02  -1.049330e+06   1.657680e+00 
 -1.379050e-02  -1.026210e+06   1.587030e+00 
 -1.349070e-02  -1.003130e+06   1.517950e+00 
 -1.319090e-02  -9.800730e+05   1.450440e+00 
 -1.289110e-02  -9.570520e+05   1.384490e+00 
 -1.259130e-02  -9.340620e+05   1.320120e+00 
 -1.229150e-02  -9.111030e+05   1.257300e+00 
 -1.199170e-02  -8.881770e+05   1.196060e+00 
 -1.169190e-02  -8.652840e+05   1.136360e+00 
 -1.139210e-02  -8.424220e+05   1.078230e+00 
 -1.109230e-02  -8.195940e+05   1.021660e+00 
 -1.079250e-02  -7.967980e+05   9.666310e-01 
 -1.049270e-02  -7.740360e+05   9.131580e-01 
 -1.019290e-02  -7.513070e+05   8.612330e-01 
 -9.893150e-03  -7.286120e+05   8.108550e-01 
 -9.593360e-03  -7.059510e+05   7.620200e-01 
 -9.293570e-03  -6.833240e+05   7.147280e-01 
 -8.993770e-03  -6.607310e+05   6.689740e-01 
 -8.693980e-03  -6.381730e+05   6.247580e-01 
 -8.394190e-03  -6.156490e+05   5.820760e-01 
 -8.094400e-03  -5.931610e+05   5.409270e-01 
 -7.794600e-03  -5.707070e+05   5.013070e-01 
 -7.494810e-03  -5.482890e+05   4.632150e-01 
 -7.195020e-03  -5.259070e+05   4.266480e-01 
 -6.895230e-03  -5.035610e+05   3.916030e-01 
 -6.595430e-03  -4.812510e+05   3.580790e-01 
 -6.295640e-03  -4.589770e+05   3.260730e-01 
 -5.995850e-03  -4.367390e+05   2.955810e-01 
 -5.696060e-03  -4.145390e+05   2.666030e-01 
 -5.396260e-03  -3.923750e+05   2.391340e-01 
 -5.096470e-03  -3.702490e+05   2.131730e-01 
 -4.796680e-03  -3.481600e+05   1.887180e-01 
 -4.496890e-03  -3.261080e+05   1.657650e-01 
 -4.197090e-03  -3.040950e+05   1.443120e-01 
 -3.897300e-03  -2.821190e+05   1.243570e-01 
 -3.597510e-03  -2.601820e+05   1.058960e-01 
 -3.297720e-03  -2.382830e+05   8.892750e-02 
 -2.997920e-03  -2.164230e+05   7.344870e-02 
 -2.698130e-03  -1.946020e+05   5.945680e-02 
 -2.398340e-03  -1.728200e+05   4.694930e-02 
 -2.098550e-03  -1.510780e+05   3.592330e-02 
 -1.798750e-03  -1.293750e+05   2.637640e-02 
 -1.498960e-03  -1.077120e+05   1.830560e-02 
 -1.199170e-03  -8.608850e+04   1.170840e-02 
 -8.993770e-04  -6.450550e+04   6.582010e-03 
 -5.995850e-04  -4.296290e+04   2.923640e-03 
 -2.997920e-04  -2.146100e+04   7.305620e-04 
  6.938890e-18  -2.328310e-09   0.000000e+00 
  2.997920e-04   2.142000e+04   7.291640e-04 
  5.995850e-04   4.279870e+04   2.915250e-03 
  8.993770e-04   6.413590e+04   6.555450e-03 
  1.199170e-03   8.543150e+04   1.164690e-02 
  1.498960e-03   1.066850e+05   1.818680e-02 
  1.798750e-03   1.278970e+05   2.617230e-02 
  2.098550e-03   1.490660e+05   3.560040e-02 
  2.398340e-03   1.701920e+05   4.646840e-02 
  2.698130e-03   1.912760e+05   5.877330e-02 
  2.997920e-03   2.123170e+05   7.251210e-02 
  3.297720e-03   2.333150e+05   8.768210e-02 
  3.597510e-03   2.542700e+05   1.042800e-01 
  3.897300e-03   2.751800e+05   1.223030e-01 
  4.197090e-03   2.960480e+05   1.417490e-01 
  4.496890e-03   3.168710e+05   1.626130e-01 
  4.796680e-03   3.376500e+05   1.848940e-01 
  5.096470e-03   3.583840e+05   2.085880e-01 
  5.396260e-03   3.790740e+05   2.336920e-01 
  5.696060e-03   3.997190e+05   2.602030e-01 
  5.995850e-03   4.203190e+05   2.881180e-01 
  6.295640e-03   4.408740e+05   3.174340e-01 
  6.595430e-03   4.613840e+05   3.481480e-01 
  6.895230e-03   4.818480e+05   3.802570e-01 
  7.195020e-03   5.022660e+05   4.137580e-01 
  7.494810e-03   5.226380e+05   4.486470e-01 
  7.794600e-03   5.429640e+05   4.849210e-01 
  8.094400e-03   5.632430e+05   5.225780e-01 
  8.394190e-03   5.834760e+05   5.616140e-01 
  8.693980e-03   6.036620e+05   6.020260e-01 
  8.993770e-03   6.238010e+05   6.438100e-01 
  9.293570e-03   6.438930e+05   6.869640e-01 
  9.593360e-03   6.639370e+05   7.314840e-01 
  9.893150e-03   6.839340e+05   7.773680e-01 
  1.019290e-02   7.038830e+05   8.246110e-01 
  1.049270e-02   7.237840e+05   8.732100e-01 
  1.079250e-02   7.436370e+05   9.231630e-01 
  1.109230e-02   7.634410e+05   9.744660e-01 
  1.139210e-02   7.831970e+05   1.027120e+00 
  1.169190e-02   8.029040e+05   1.081110e+00 
  1.199170e-02   8.225620e+05   1.136440e+00 
  1.229150e-02   8.421710e+05   1.193110e+00 
  1.259130e-02   8.617310e+05   1.251110e+00 
  1.289110e-02   8.812410e+05   1.310450e+00 
  1.319090e-02   9.007010e+05   1.371110e+00 
  1.349070e-02   9.201110e+05   1.433090e+00 
  1.379050e-02   9.394710e+05   1.496390e+00 
  1.409020e-02   9.587810e+05   1.561010e+00 
  1.439000e-02   9.780400e+05   1.626940e+00 
  1.468980e-02   9.972490e+05   1.694190e+00 
  1.498960e-02   1.016410e+06   1.762730e+00 
  1.528940e-02   1.035510e+06   1.832580e+00 
  1.558920e-02   1.054570e+06   1.903730e+00 
  1.588900e-02   1.073570e+06   1.976180e+00 
  1.618880e-02   1.092520e+06   2.049910e+00 
  1.648860e-02   1.111430e+06   2.124940e+00 
  1.678840e-02   1.130270e+06   2.201250e+00 
  1.708820e-02   1.149070e+06   2.278840e+00 
  1.738800e-02   1.167810e+06   2.357710e+00 
  1.768780e-02   1.186510e+06   2.437860e+00 
  1.798750e-02   1.205140e+06   2.519270e+00 
  1.828730e-02   1.223730e+06   2.601950e+00 
  1.858710e-02   1.242260e+06   2.685900e+00 
  1.888690e-02   1.260740e+06   2.771100e+00 
  1.918670e-02   1.279170e+06   2.857560e+00 
  1.948650e-02   1.297540e+06   2.945280e+00 
  1.978630e-02   1.315860e+06   3.034240e+00 
  2.008610e-02   1.334120e+06   3.124450e+00 
  2.038590e-02   1.352330e+06   3.215900e+00 
  2.068570e-02   1.370490e+06   3.308590e+00 
  2.098550e-02   1.388590e+06   3.402510e+00 
  2.128530e-02   1.406630e+06   3.497670e+00 
  2.158510e-02   1.424620e+06   3.594040e+00 
  2.188480e-02   1.442560e+06   3.691650e+00 
  2.218460e-02   1.460440e+06   3.790470e+00 
  2.248440e-02   1.478270e+06   3.890510e+00 
  2.278420e-02   1.496040e+06   3.991760e+00 
  2.308400e-02   1.513750e+06   4.094210e+00 
  2.338380e-02   1.531410e+06   4.197870e+00 
  2.368360e-02   1.549010e+06   4.302740e+00 
  2.398340e-02   1.566560e+06   4.408790e+00 
  2.428320e-02   1.584040e+06   4.516040e+00 
  2.458300e-02   1.601480e+06   4.624480e+00 
  2.488280e-02   1.618850e+06   4.734110e+00 
  2.518260e-02   1.636170e+06   4.844910e+00 
  2.548240e-02   1.653430e+06   4.956900e+00 
  2.578220e-02   1.670640e+06   5.070050e+00 
  2.608190e-02   1.687780e+06   5.184380e+00 
  2.638170e-02   1.704870e+06   5.299870e+00 
  2.668150e-02   1.721900e+06   5.416520e+00 
  2.698130e-02   1.738870e+06   5.534330e+00 
  2.728110e-02   1.755790e+06   5.653290e+00 
  2.758090e-02   1.772640e+06   5.773400e+00 
  2.788070e-02   1.789440e+06   5.894660e+00 
  2.818050e-02   1.806180e+06   6.017060e+00 
  2.848030e-02   1.822860e+06   6.140600e+00 
  2.878010e-02   1.839480e+06   6.265270e+00 
  2.907990e-02   1.856040e+06   6.391070e+00 
  2.937970e-02   1.872550e+06   6.518000e+00 
  2.967950e-02   1.888990e+06   6.646040e+00 
  2.997920e-02   1.905370e+06   6.775210e+00 
  3.027900e-02   1.921700e+06   6.905490e+00 
  3.057880e-02   1.937960e+06   7.036880e+00 
  3.087860e-02   1.954160e+06   7.169370e+00 
  3.117840e-02   1.970310e+06   7.302960e+00 
  3.147820e-02   1.986390e+06   7.437650e+00 
  3.177800e-02   2.002410e+06   7.573440e+00 
  3.207780e-02   2.018370e+06   7.710310e+00 
  3.237760e-02   2.034270e+06   7.848270e+00 
  3.267740e-02   2.050110e+06   7.987310e+00 
  3.297720e-02   2.065890e+06   8.127420e+00 
  3.327700e-02   2.081600e+06   8.268610e+00 
  3.357680e-02   2.097260e+06   8.410860e+00 
  3.387650e-02   2.112850e+06   8.554180e+00 
  3.417630e-02   2.128380e+06   8.698550e+00 
  3.447610e-02   2.143850e+06   8.843990e+00 
  3.477590e-02   2.159260e+06   8.990470e+00 
  3.507570e-02   2.174600e+06   9.138000e+00 
  3.537550e-02   2.189890e+06   9.286570e+00 
  3.567530e-02   2.205110e+06   9.436190e+00 
  3.597510e-02   2.220260e+06   9.586830e+00 
  3.627490e-02   2.235360e+06   9.738510e+00 
  3.657470e-02   2.250390e+06   9.891210e+00 
  3.687450e-02   2.265350e+06   1.004490e+01 
  3.717430e-02   2.280260e+06   1.019970e+01 
  3.747410e-02   2.295100e+06   1.035540e+01 
  3.777380e-02   2.309870e+06   1.051220e+01 
  3.807360e-02   2.324590e+06   1.066990e+01 
  3.837340e-02   2.339240e+06   1.082870e+01 
  3.867320e-02   2.353820e+06   1.098850e+01 
  3.897300e-02   2.368340e+06   1.114920e+01 
  3.927280e-02   2.382800e+06   1.131090e+01 
  3.957260e-02   2.397190e+06   1.147370e+01 
  3.987240e-02   2.411520e+06   1.163740e+01 
  4.017220e-02   2.425780e+06   1.180200e+01 
  4.047200e-02   2.439970e+06   1.196770e+01 
  4.077180e-02   2.454110e+06   1.213430e+01 
  4.107160e-02   2.468170e+06   1.230180e+01 
  4.137140e-02   2.482170e+06   1.247030e+01 
  4.167120e-02   2.496110e+06   1.263980e+01 
  4.197090e-02   2.509980e+06   1.281020e+01 
  4.227070e-02   2.523780e+06   1.298160e+01 
  4.257050e-02   2.537520e+06   1.315390e+01 
  4.287030e-02   2.551200e+06   1.332710e+01 
  4.317010e-02   2.564800e+06   1.350130e+01 
  4.346990e-02   2.578340e+06   1.367630e+01 
  4.376970e-02   2.591810e+06   1.385230e+01 
  4.406950e-02   2.605220e+06   1.402920e+01 
  4.436930e-02   2.618560e+06   1.420710e+01 
  4.466910e-02   2.631830e+06   1.438580e+01 
  4.496890e-02   2.645040e+06   1.456540e+01 
  4.526870e-02   2.658180e+06   1.474600e+01 
